162
840 416
165 114
512 107
123 68
298 86
160 77
769 696
198 131
951 798
172 102
835 592
540 42
667 114
150 10
738 614
296 97
131 22
625 457
345 163
524 320
376 160
350 26
254 125
558 305
560 385
705 269
989 415
814 692
562 216
376 366
637 630
179 167
558 230
263 72
865 362
664 49
855 309
586 95
893 584
582 177
731 59
332 68
288 183
800 457
130 49
124 105
205 194
229 34
202 34
997 973
188 151
809 58
531 150
560 13
145 10
609 134
449 77
149 73
813 235
961 609
769 621
121 58
136 24
311 277
119 51
737 364
352 245
706 655
100 75
175 98
458 435
612 547
159 101
193 44
155 80
215 85
326 276
440 201
579 404
741 536
220 95
214 159
300 115
487 365
670 367
964 598
739 10
147 78
756 539
679 201
586 68
539 428
270 139
255 46
584 14
979 184
764 210
527 224
861 653
529 299
205 3
324 247
119 8
287 171
424 279
769 634
945 736
627 121
440 133
974 742
896 13
443 312
206 23
239 164
126 84
504 192
663 574
175 88
930 398
288 133
637 353
694 387
118 102
158 31
118 56
127 74
139 115
534 381
249 12
383 77
381 112
129 97
163 11
154 145
485 181
642 117
699 198
641 556
570 121
341 275
688 231
720 354
291 118
715 121
715 689
889 212
207 128
124 11
720 718
669 4
655 349
701 508
248 179
300 58
834 664
793 471
347 296
210 159
377 57
350 53
868 673
851 501
