415
113
106
67
85
76
695
130
797
101
591
41
113
9
613
96
21
456
162
319
159
25
124
304
384
268
414
691
215
365
629
166
229
71
361
48
308
94
583
176
58
67
182
456
48
104
193
33
33
972
150
57
149
12
9
133
76
72
234
608
620
57
23
276
50
363
244
654
74
97
434
546
100
43
79
84
275
200
403
535
94
158
114
364
366
597
9
77
538
200
67
427
138
45
13
183
209
223
652
298
2
246
7
170
278
633
735
120
132
741
12
311
22
163
83
191
573
87
397
132
352
386
101
30
55
73
114
380
11
76
111
96
10
144
180
116
197
555
120
274
230
353
117
120
688
211
126
10
717
3
348
507
178
57
663
470
295
158
56
52
672
500
